Legenda:
Referring to field map extrapolated from java class, dots are padding bits. But on fields nr.14, 15, 24, 29 and 113 (last) they are used.
Fields 14 and 15 look weird: they seem to reflect field 7 but on fan and deu modes n.15 is off, because temp settings is not permitted in those modes.
On field 113, usage of data bits from 497 to 503 is unknown.
Timer on explained (timer off starts at field nr.28 and is the same, but minutes field nr.32 has an extra padding bit):
fields 23 and 24 plus first bit of 25 (from bit 113 to 117) are hours remaining (max 10111)
fields 26 and 27 minus last 2 bits (from bit 121 to 126) are the minutes remaining (max 111011)
1st index row: fields
2nd index row: bit number and padding bits

1 2        3        4  5 6    7        8        9        10       11       12        13 14     15  16    17       19  20    21 22       24  25   26 27       29  30   31 32      33   34  35  37  39  41  43  45  47  49  51  53  55  57  59  61      63       64       65       66       67       68       69       70       71       72       73               74               75               76        77       78       79               80       81   82     84  86  88  90   92  94  96  98         100      101      102      103      104      105      106      107      108      109      110       112      113
1 2      . 10    .. 8. 0 21   25       33       41       49       57       65      . 4. 76   . 82. 85  . 90     6 7.. 100   5. 107    3 4.. 117  1. 123    9 0.. 133  7. 139   . 146. 150 153 155 157 159 161 163 165 167 169 171 173 175 177 9 0.... 185      193      201      209      217      225      233      241      249      257      265              281              297              313       321      329      337              353      61.. 4 5... 369           6. 8             385      393      401      409      417      425      433      441      449      457      465      473 ... 0 481      490    ....... checksum and footer
                         0 (split off)
0 00000000 00000000 01 0 0010 00011101 00011111 00011011 10000000 10000000 100000000 00 000011 101 00010 000000 0 000 00000 00 000000 0 000 0000 00 000000 0 000 0000 00 0000000 0000 000 1 1 0 0 0 0 0 0 0 0 0 0 0 0 0 0 0 0 0 0 0 0 0 0 0 0 0 00101 00000000 00000000 00000000 00000000 00000000 00011110 01001000 00011011 00000000 00000000 0000000000000000 0000000000000000 0000000000000000 000000000 00000000 00000000 0000000000000000 00010000 0000 0 0000 0 0 0 0 0 0 0 00 0 0 0 0 0 0 0 00000000 00000000 00000000 00000000 00000000 00000000 00000000 00000000 00000000 00000000 00000000 0000000 0 00000000 00000000000110 000011011111010011111011
        8 (fan max)      1 (split on)                                                                                                                                                                                     1 (light on)
0 00010000 00000000 01 0 1010 00011101 00011111 00011011 10000000 10000000 100000000 00 000011 101 00010 000000 0 000 00000 00 000000 0 000 0000 00 000000 0 000 0000 00 0000000 0000 000 1 1 0 0 0 0 0 0 0 0 0 0 0 0 0 0 1 0 0 0 0 0 0 0 0 0 0 00101 00000000 00000000 00000000 00000000 00000000 00011110 01001000 00011011 00000000 00000000 0000000000000000 0000000000000000 0000000000000000 000000000 00000000 00000000 0000000000000000 00010000 0000 0 0000 0 0 0 0 0 0 0 00 0 0 0 0 0 0 0 00000000 00000000 00000000 00000000 00000000 00000000 00000000 00000000 00000000 00000000 00000000 0000000 0 00000000 00000000000110 100111011111010011111011
0 00010000 00000000 01 0 1010 00011101 00011111 00011010 10000000 10000000 100000000 00 000011 101 00010 000000 0 000 00000 00 000000 0 000 0000 00 000000 0 000 0000 00 0000000 0000 000 1 1 0 0 0 0 0 0 0 0 0 0 0 0 0 0 1 0 0 0 0 0 0 0 0 0 0 00101 00000000 00000000 00000000 00101100 00000000 00011110 01001000 00011011 00000000 00000000 0000000000000000 0000000000000000 0000000000000000 000000000 00000000 00000000 0000000000000000 00010000 0000 0 0000 0 0 0 0 0 0 0 00 0 0 0 0 0 0 0 00000000 00000000 00000000 00000000 00000000 00000000 00000000 00000000 00000000 00000000 00000000 0000000 0 00000000 00000000000110 110010001111010011111011
0 00010000 00000000 01 0 1010 00011101 00011111 00011010 10000000 10000000 100000000 00 000011 101 00010 000000 0 000 00000 00 000000 0 000 0000 00 000000 0 000 0000 00 0000000 0000 000 1 1 0 0 0 0 0 0 0 0 0 0 0 0 0 0 1 0 0 0 0 0 0 0 0 0 0 00101 00000000 00000000 00010100 00110000 00000000 00011110 01001000 00011011 00000000 00000000 0000000000000000 0000000000000000 0000000000000000 000000000 00000000 00000000 0000000000000000 00010010 0000 0 0000 0 0 0 0 0 0 0 00 0 0 0 0 0 0 0 00000000 00000000 00000000 00000000 00000000 00000000 00000000 00000000 00000000 00000000 00000000 0000000 0 00000000 00000000000110 111000011111010011111011
0 00010000 00000000 01 0 1010 00011101 00011111 00011010 10000000 10000000 100000000 00 000011 101 00010 000000 0 000 00000 00 000000 0 000 0000 00 000000 0 000 0000 00 0000000 0000 000 1 1 0 0 0 0 0 0 0 0 0 0 0 0 0 0 1 0 0 0 0 0 0 0 0 0 0 00101 00000000 00000000 00010100 00110000 00000000 00011101 01001000 00011011 00000000 00000000 0000000000000000 0000000000000000 0000000000000000 000000000 00000000 00000000 0000000000000000 00010110 0000 0 0000 0 0 0 0 0 0 0 00 0 0 0 0 0 0 0 00000000 00000000 00000000 00000000 00000000 00000000 00000000 00000000 00000000 00000000 00000000 0000000 0 00000000 00000000000110 111000101111010011111011
0 00010000 00000000 01 0 1010 00011101 00011111 00011010 10000000 10000000 100000000 00 000011 101 00010 000000 0 000 00000 00 000000 0 000 0000 00 000000 0 000 0000 00 0000000 0000 000 1 1 0 0 0 0 0 0 0 0 0 0 0 0 0 0 1 0 0 0 0 0 0 0 0 0 0 00101 00000000 00000000 00011000 00101001 00000000 00011101 01001000 00011011 00000000 00000000 0000000000000000 0000000000000000 0000000000000000 000000000 00000000 00000000 0000000000000000 00100110 0000 0 0000 0 0 0 0 0 0 0 00 0 0 0 0 0 0 0 00000000 00000000 00000000 00000000 00000000 00000000 00000000 00000000 00000000 00000000 00000000 0000000 0 00000000 00000000000110 111001111111010011111011
0 00010000 00000000 01 0 1010 00011101 00011110 00011000 10000000 10000000 100000000 00 000011 101 00010 000000 0 000 00000 00 000000 0 000 0000 00 000000 0 000 0000 00 0000000 0000 000 1 1 0 0 0 0 0 0 0 0 0 0 0 0 0 0 1 0 0 0 0 0 0 0 0 0 0 00101 00000000 00000000 00011000 00101001 00000000 00011100 01001000 00011011 00000000 00000000 0000000000000000 0000000000000000 0000000000000000 000000000 00000000 00000000 0000000000000000 00101110 0000 0 0000 0 0 0 0 0 0 0 00 0 0 0 0 0 0 0 00000000 00000000 00000000 00000000 00000000 00000000 00000000 00000000 00000000 00000000 00000000 0000000 0 00000000 00000000000110 111001111111010011111011
0 00010000 00000000 01 0 1010 00011101 00011110 00010111 10000000 10000000 100000000 00 000011 101 00010 000000 0 000 00000 00 000000 0 000 0000 00 000000 0 000 0000 00 0000000 0000 000 1 1 0 0 0 0 0 0 0 0 0 0 0 0 0 0 1 0 0 0 0 0 0 0 0 0 0 00101 00000000 00000000 00011101 00100110 00000000 00011011 01001001 00011100 00000000 00000000 0000000000000000 0000000000000000 0000000000000000 000000000 00000000 00000000 0000000000000000 01000000 0000 0 0000 0 0 0 0 0 0 0 00 0 0 0 0 0 0 0 00000000 00000000 00000000 00000000 00000000 00000000 00000000 00000000 00000000 00000000 00000000 0000000 0 00000000 00000000000110 111100101111010011111011
0 00010000 00000000 01 0 1010 00011101 00011110 00010111 10000000 10000000 100000000 00 000011 101 00010 000000 0 000 00000 00 000000 0 000 0000 00 000000 0 000 0000 00 0000000 0000 000 1 1 0 0 0 0 0 0 0 0 0 0 0 0 0 0 1 0 0 0 0 0 0 0 0 0 0 00101 00000000 00000000 00011110 00100110 00000000 00011011 01001001 00011101 00000000 00000000 0000000000000000 0000000000000000 0000000000000000 000000000 00000000 00000000 0000000000000000 01001010 0000 0 0000 0 0 0 0 0 0 0 00 0 0 0 0 0 0 0 00000000 00000000 00000000 00000000 00000000 00000000 00000000 00000000 00000000 00000000 00000000 0000000 0 00000000 00000000000110 111110011111010011111011
0 00010000 00000000 01 0 1010 00011101 00011110 00010111 10000000 10000000 100000000 00 000011 101 00010 000000 0 000 00000 00 000000 0 000 0000 00 000000 0 000 0000 00 0000000 0000 000 1 1 0 0 0 0 0 0 0 0 0 0 0 0 0 0 1 0 0 0 0 0 0 0 0 0 0 00101 00000000 00000000 00011011 00100110 00000000 00011011 01001010 00011110 00000000 00000000 0000000000000000 0000000000000000 0000000000000000 000000000 00000000 00000000 0000000000000000 01010110 0000 0 0000 0 0 0 0 0 0 0 00 0 0 0 0 0 0 0 00000000 00000000 00000000 00000000 00000000 00000000 00000000 00000000 00000000 00000000 00000000 0000000 0 00000000 00000000000110 111111101111010011111011
        6 (fan med)  
0 00001100 00000000 01 0 1010 00011101 00011110 00010111 10000000 10000000 100000000 00 000011 101 00010 000000 0 000 00000 00 000000 0 000 0000 00 000000 0 000 0000 00 0000000 0000 000 1 1 0 0 0 0 0 0 0 0 0 0 0 0 0 0 1 0 0 0 0 0 0 0 0 0 0 00101 00000000 00000000 00010100 00011100 00000000 00011010 01001011 00011110 00000000 00000000 0000000000000000 0000000000000000 0000000000000000 000000000 00000000 00000000 0000000000000000 01010110 0000 0 0000 0 0 0 0 0 0 0 00 0 0 0 0 0 0 0 00000000 00000000 00000000 00000000 00000000 00000000 00000000 00000000 00000000 00000000 00000000 0000000 0 00000000 00000000000110 111010111111010011111011
0 00001100 00000000 01 0 1010 00011101 00011110 00010110 10000000 10000000 100000000 00 000011 101 00010 000000 0 000 00000 00 000000 0 000 0000 00 000000 0 000 0000 00 0000000 0000 000 1 1 0 0 0 0 0 0 0 0 0 0 0 0 0 0 1 0 0 0 0 0 0 0 0 0 0 00101 00000000 00000000 00010100 00011100 00000000 00011010 01001100 00011110 00000000 00000000 0000000000000000 0000000000000000 0000000000000000 000000000 00000000 00000000 0000000000000000 01001000 0000 0 0000 0 0 0 0 0 0 0 00 0 0 0 0 0 0 0 00000000 00000000 00000000 00000000 00000000 00000000 00000000 00000000 00000000 00000000 00000000 0000000 0 00000000 00000000000110 111001001111010011111011
0 00001100 00000000 01 0 1010 00011101 00011101 00010101 10000000 10000000 100000000 00 000011 101 00010 000000 0 000 00000 00 000000 0 000 0000 00 000000 0 000 0000 00 0000000 0000 000 1 1 0 0 0 0 0 0 0 0 0 0 0 0 0 0 1 0 0 0 0 0 0 0 0 0 0 00101 00000000 00000000 00010100 00011100 00000000 00011010 01001100 00011110 00000000 00000000 0000000000000000 0000000000000000 0000000000000000 000000000 00000000 00000000 0000000000000000 01000100 0000 0 0000 0 0 0 0 0 0 0 00 0 0 0 0 0 0 0 00000000 00000000 00000000 00000000 00000000 00000000 00000000 00000000 00000000 00000000 00000000 0000000 0 00000000 00000000000110 111000001111010011111011
0 00001100 00000000 01 0 1010 00011101 00011101 00010011 10000000 10000000 100000000 00 000011 101 00010 000000 0 000 00000 00 000000 0 000 0000 00 000000 0 000 0000 00 0000000 0000 000 1 1 0 0 0 0 0 0 0 0 0 0 0 0 0 0 1 0 0 0 0 0 0 0 0 0 0 00101 00000000 00000000 00010100 00010110 00000000 00011010 01001100 00011110 00000000 00000000 0000000000000000 0000000000000000 0000000000000000 000000000 00000000 00000000 0000000000000000 01000010 0000 0 0000 0 0 0 0 0 0 0 00 0 0 0 0 0 0 0 00000000 00000000 00000000 00000000 00000000 00000000 00000000 00000000 00000000 00000000 00000000 0000000 0 00000000 00000000000110 110101111111010011111011
        4 (fan low)
0 00001000 00000000 01 0 1010 00011101 00011101 00010001 10000000 10000000 100000000 00 000011 101 00010 000000 0 000 00000 00 000000 0 000 0000 00 000000 0 000 0000 00 0000000 0000 000 1 1 0 0 0 0 0 0 0 0 0 0 0 0 0 0 1 0 0 0 0 0 0 0 0 0 0 00101 00000000 00000000 00010100 00010110 00000000 00011001 01001100 00011111 00000000 00000000 0000000000000000 0000000000000000 0000000000000000 000000000 00000000 00000000 0000000000000000 01000010 0000 0 0000 0 0 0 0 0 0 0 00 0 0 0 0 0 0 0 00000000 00000000 00000000 00000000 00000000 00000000 00000000 00000000 00000000 00000000 00000000 0000000 0 00000000 00000000000110 110100111111010011111011
0 00001000 00000000 01 0 1010 00011101 00011101 00010001 10000000 10000000 100000000 00 000011 101 00010 000000 0 000 00000 00 000000 0 000 0000 00 000000 0 000 0000 00 0000000 0000 000 1 1 0 0 0 0 0 0 0 0 0 0 0 0 0 0 1 0 0 0 0 0 0 0 0 0 0 00101 00000000 00000000 00010100 00010100 00000000 00011001 01001011 00011111 00000000 00000000 0000000000000000 0000000000000000 0000000000000000 000000000 00000000 00000000 0000000000000000 01000010 0000 0 0000 0 0 0 0 0 0 0 00 0 0 0 0 0 0 0 00000000 00000000 00000000 00000000 00000000 00000000 00000000 00000000 00000000 00000000 00000000 0000000 0 00000000 00000000000110 110100001111010011111011
0 00001000 00000000 01 0 1010 00011101 00011101 00010001 10000000 10000000 100000000 00 000011 101 00010 000000 0 000 00000 00 000000 0 000 0000 00 000000 0 000 0000 00 0000000 0000 000 1 1 0 0 0 0 0 0 0 0 0 0 0 0 0 0 1 0 0 0 0 0 0 0 0 0 0 00101 00000000 00000000 00010100 00010100 00000000 00011001 01001010 00011111 00000000 00000000 0000000000000000 0000000000000000 0000000000000000 000000000 00000000 00000000 0000000000000000 01000010 0000 0 0000 0 0 0 0 0 0 0 00 0 0 0 0 0 0 0 00000000 00000000 00000000 00000000 00000000 00000000 00000000 00000000 00000000 00000000 00000000 0000000 0 00000000 00000000000110 110011111111010011111011
0 00001000 00000000 01 0 1010 00011101 00011101 00010010 10000000 10000000 100000000 00 000011 101 00010 000000 0 000 00000 00 000000 0 000 0000 00 000000 0 000 0000 00 0000000 0000 000 1 1 0 0 0 0 0 0 0 0 0 0 0 0 0 0 1 0 0 0 0 0 0 0 0 0 0 00101 00000000 00000000 00010100 00010100 00000000 00011001 01001001 00011111 00000000 00000000 0000000000000000 0000000000000000 0000000000000000 000000000 00000000 00000000 0000000000000000 01000100 0000 0 0000 0 0 0 0 0 0 0 00 0 0 0 0 0 0 0 00000000 00000000 00000000 00000000 00000000 00000000 00000000 00000000 00000000 00000000 00000000 0000000 0 00000000 00000000000110 110100001111010011111011
        2 (fan quiet)                                                                                                                                                                                               1 (fan quiet)
0 00000100 00000000 01 0 1010 00011101 00011101 00010001 10000000 10000000 100000000 00 000011 101 00010 000000 0 000 00000 00 000000 0 000 0000 00 000000 0 000 0000 00 0000000 0000 000 1 1 0 0 0 0 0 0 0 0 0 0 0 1 0 0 1 0 0 0 0 0 0 0 0 0 0 00101 00000000 00000000 00010100 00010100 00000000 00011001 01001001 00011111 00000000 00000000 0000000000000000 0000000000000000 0000000000000000 000000000 00000000 00000000 0000000000000000 01000100 0000 0 0000 0 0 0 0 0 0 0 00 0 0 0 0 0 0 0 00000000 00000000 00000000 00000000 00000000 00000000 00000000 00000000 00000000 00000000 00000000 0000000 0 00000000 00000000000110 110100011111010011111011
0 00000100 00000000 01 0 1010 00011101 00011101 00010001 10000000 10000000 100000000 00 000011 101 00010 000000 0 000 00000 00 000000 0 000 0000 00 000000 0 000 0000 00 0000000 0000 000 1 1 0 0 0 0 0 0 0 0 0 0 0 1 0 0 1 0 0 0 0 0 0 0 0 0 0 00101 00000000 00000000 00010100 00011000 00000000 00011000 01001001 00011111 00000000 00000000 0000000000000000 0000000000000000 0000000000000000 000000000 00000000 00000000 0000000000000000 01000100 0000 0 0000 0 0 0 0 0 0 0 00 0 0 0 0 0 0 0 00000000 00000000 00000000 00000000 00000000 00000000 00000000 00000000 00000000 00000000 00000000 0000000 0 00000000 00000000000110 110101001111010011111011
                                    16 (set temp)
0 00000100 00000000 01 0 1010 00010000 00011101 00010001 10000000 10000000 100000000 00 000010 000 00010 000000 0 000 00000 00 000000 0 000 0000 00 000000 0 000 0000 00 0000000 0000 000 1 1 0 0 0 0 0 0 0 0 0 0 0 1 0 0 1 0 0 0 0 0 0 0 0 0 0 00101 00000000 00000000 00010100 00011000 00000000 00011000 01001001 00011111 00000000 00000000 0000000000000000 0000000000000000 0000000000000000 000000000 00000000 00000000 0000000000000000 01000100 0000 0 0000 0 0 0 0 0 0 0 00 0 0 0 0 0 0 0 00000000 00000000 00000000 00000000 00000000 00000000 00000000 00000000 00000000 00000000 00000000 0000000 0 00000000 00000000000101 111101111111010011111011
0 00000100 00000000 01 0 1010 00010000 00011101 00010001 10000000 10000000 100000000 00 000010 000 00010 000000 0 000 00000 00 000000 0 000 0000 00 000000 0 000 0000 00 0000000 0000 000 1 1 0 0 0 0 0 0 0 0 0 0 0 1 0 0 1 0 0 0 0 0 0 0 0 0 0 00101 00000000 00000000 00010100 00101101 00000000 00011000 01001010 00100000 00000000 00000000 0000000000000000 0000000000000000 0000000000000000 000000000 00000000 00000000 0000000000000000 01000100 0000 0 0000 0 0 0 0 0 0 0 00 0 0 0 0 0 0 0 00000000 00000000 00000000 00000000 00000000 00000000 00000000 00000000 00000000 00000000 00000000 0000000 0 00000000 00000000000110 000011101111010011111011
0 00000100 00000000 01 0 1010 00010000 00011101 00010000 10000000 10000000 100000000 00 000010 000 00010 000000 0 000 00000 00 000000 0 000 0000 00 000000 0 000 0000 00 0000000 0000 000 1 1 0 0 0 0 0 0 0 0 0 0 0 1 0 0 1 0 0 0 0 0 0 0 0 0 0 00101 00000000 00000000 00010100 00101101 00000000 00011000 01001010 00100000 00000000 00000000 0000000000000000 0000000000000000 0000000000000000 000000000 00000000 00000000 0000000000000000 01000100 0000 0 0000 0 0 0 0 0 0 0 00 0 0 0 0 0 0 0 00000000 00000000 00000000 00000000 00000000 00000000 00000000 00000000 00000000 00000000 00000000 0000000 0 00000000 00000000000110 000011011111010011111011
                                                                                                                                                                                                                          0 (light off)
0 00000100 00000000 01 0 1010 00010000 00011101 00010000 10000000 10000000 100000000 00 000010 000 00010 000000 0 000 00000 00 000000 0 000 0000 00 000000 0 000 0000 00 0000000 0000 000 1 1 0 0 0 0 0 0 0 0 0 0 0 1 0 0 0 0 0 0 0 0 0 0 0 0 0 00101 00000000 00000000 00010100 00101101 00000000 00011000 01001011 00100000 00000000 00000000 0000000000000000 0000000000000000 0000000000000000 000000000 00000000 00000000 0000000000000000 01000100 0000 0 0000 0 0 0 0 0 0 0 00 0 0 0 0 0 0 0 00000000 00000000 00000000 00000000 00000000 00000000 00000000 00000000 00000000 00000000 00000000 0000000 0 00000000 00000000000101 100011101111010011111011
                                                                                                                                                                                                    1 (energy save on)
0 00000100 00000000 01 0 1010 00010000 00011101 00001111 10000000 10000000 100000000 00 000010 000 00010 000000 0 000 00000 00 000000 0 000 0000 00 000000 0 000 0000 00 0000000 0000 000 1 1 0 0 0 1 0 0 0 0 0 0 0 1 0 0 1 0 0 0 0 0 0 0 0 0 0 00101 00000000 00000000 00010111 00101101 00000000 00011000 01001100 00100000 00000000 00000000 0000000000000000 0000000000000000 0000000000000000 000000000 00000000 00000000 0000000000000000 01000010 0000 0 0000 0 0 0 0 0 0 0 00 0 0 0 0 0 0 0 00000000 00000000 00000000 00000000 00000000 00000000 00000000 00000000 00000000 00000000 00000000 0000000 0 00000000 00000000000110 000101001111010011111011

1 2        3        4  5 6    7        8        9        10       11       12        13 14     15  16    17       19  20    21 22       24  25   26 27       29  30   31 32      33   34  35  37  39  41  43  45  47  49  51  53  55  57  59  61      63       64       65       66       67       68       69       70       71       72       73               74               75               76        77       78       79               80       81   82     84  86  88  90   92  94  96  98         100      101      102      103      104      105      106      107      108      109      110       112      113
1 2      . 10    .. 8. 0 21   25       33       41       49       57       65      . 4. 76   . 82. 85  . 90     6 7.. 100   5. 107    3 4.. 117  1. 123    9 0.. 133  7. 139   . 146. 150 153 155 157 159 161 163 165 167 169 171 173 175 177 9 0.... 185      193      201      209      217      225      233      241      249      257      265              281              297              313       321      329      337              353      61.. 4 5... 369           6. 8             385      393      401      409      417      425      433      441      449      457      465      473 ... 0 481      490    .......

0 00000100 00000000 01 0 1010 00010000 00011101 00001110 10000000 10000000 100000000 00 000010 000 00010 000000 0 000 00000 00 000000 0 000 0000 00 000000 0 000 0000 00 0000000 0000 000 1 1 0 0 0 1 0 0 0 0 0 0 0 1 0 0 0 0 0 0 0 0 0 0 0 0 0 00101 00000000 00000000 00011000 00011111 00000000 00011000 01001100 00100000 00000000 00000000 0000000000000000 0000000000000000 0000000000000000 000000000 00000000 00000000 0000000000000000 01000100 0000 0 0000 0 0 0 0 0 0 0 00 0 0 0 0 0 0 0 00000000 00000000 00000000 00000000 00000000 00000000 00000000 00000000 00000000 00000000 00000000 0000000 0 00000000 00000000000101 100001111111010011111011
0 00000100 00000000 01 0 1010 00010000 00011101 00001110 10000000 10000000 100000000 00 000010 000 00010 000000 0 000 00000 00 000000 0 000 0000 00 000000 0 000 0000 00 0000000 0000 000 1 1 0 0 0 1 0 0 0 0 0 0 0 1 0 0 0 0 0 0 0 0 0 0 0 0 0 00101 00000000 00000000 00011000 00011111 00000000 00011000 01001100 00100000 00000000 00000000 0000000000000000 0000000000000000 0000000000000000 000000000 00000000 00000000 0000000000000000 01001010 0000 0 0000 0 0 0 0 0 0 0 00 0 0 0 0 0 0 0 00000000 00000000 00000000 00000000 00000000 00000000 00000000 00000000 00000000 00000000 00000000 0000000 0 00000000 00000000000101 100010101111010011111011
        8 (fan max by turbo)                                                                                                                                                                          1 (turbo on)  0 (fan max by turbo)
0 00010000 00000000 01 0 1010 00010000 00011101 00001101 10000000 10000000 100000000 00 000010 000 00010 000000 0 000 00000 00 000000 0 000 0000 00 000000 0 000 0000 00 0000000 0000 000 1 1 0 0 0 0 1 0 0 0 0 0 0 0 0 0 1 0 0 0 0 0 0 0 0 0 0 00101 00000000 00000000 00011000 00011111 00000000 00011000 01001101 00100001 00000000 00000000 0000000000000000 0000000000000000 0000000000000000 000000000 00000000 00000000 0000000000000000 01001010 0000 0 0000 0 0 0 0 0 0 0 00 0 0 0 0 0 0 0 00000000 00000000 00000000 00000000 00000000 00000000 00000000 00000000 00000000 00000000 00000000 0000000 0 00000000 00000000000110 000010111111010011111011
0 00010000 00000000 01 0 1010 00010000 00011101 00001101 10000000 10000000 100000000 00 000010 000 00010 000000 0 000 00000 00 000000 0 000 0000 00 000000 0 000 0000 00 0000000 0000 000 1 1 0 0 0 0 1 0 0 0 0 0 0 0 0 0 0 0 0 0 0 0 0 0 0 0 0 00101 00000000 00000000 00011000 00110000 00000000 00011000 01001110 00100001 00000000 00000000 0000000000000000 0000000000000000 0000000000000000 000000000 00000000 00000000 0000000000000000 01001100 0000 0 0000 0 0 0 0 0 0 0 00 0 0 0 0 0 0 0 00000000 00000000 00000000 00000000 00000000 00000000 00000000 00000000 00000000 00000000 00000000 0000000 0 00000000 00000000000101 100111101111010011111011
0 00010000 00000000 01 0 1010 00010000 00011101 00001110 10000000 10000000 100000000 00 000010 000 00010 000000 0 000 00000 00 000000 0 000 0000 00 000000 0 000 0000 00 0000000 0000 000 1 1 0 0 0 0 1 0 0 0 0 0 0 0 0 0 0 0 0 0 0 0 0 0 0 0 0 00101 00000000 00000000 00011000 00110000 00000000 00011000 01001110 00100010 00000000 00000000 0000000000000000 0000000000000000 0000000000000000 000000000 00000000 00000000 0000000000000000 01001100 0000 0 0000 0 0 0 0 0 0 0 00 0 0 0 0 0 0 0 00000000 00000000 00000000 00000000 00000000 00000000 00000000 00000000 00000000 00000000 00000000 0000000 0 00000000 00000000000101 101000001111010011111011
0 00010000 00000000 01 0 1010 00010000 00011100 00001111 10000000 10000000 100000000 00 000010 000 00010 000000 0 000 00000 00 000000 0 000 0000 00 000000 0 000 0000 00 0000000 0000 000 1 1 0 0 0 0 1 0 0 0 0 0 0 0 0 0 0 0 0 0 0 0 0 0 0 0 0 00101 00000000 00000000 00011000 00110000 00000000 00011000 01001110 00100010 00000000 00000000 0000000000000000 0000000000000000 0000000000000000 000000000 00000000 00000000 0000000000000000 01001100 0000 0 0000 0 0 0 0 0 0 0 00 0 0 0 0 0 0 0 00000000 00000000 00000000 00000000 00000000 00000000 00000000 00000000 00000000 00000000 00000000 0000000 0 00000000 00000000000101 101000001111010011111011
                                                                                                                                                                                                                          1 (light on)
0 00010000 00000000 01 0 1010 00010000 00011100 00001111 10000000 10000000 100000000 00 000010 000 00010 000000 0 000 00000 00 000000 0 000 0000 00 000000 0 000 0000 00 0000000 0000 000 1 1 0 0 0 0 1 0 0 0 0 0 0 0 0 0 1 0 0 0 0 0 0 0 0 0 0 00101 00000000 00000000 00011000 00110000 00000000 00011001 01001111 00100010 00000000 00000000 0000000000000000 0000000000000000 0000000000000000 000000000 00000000 00000000 0000000000000000 01001110 0000 0 0000 0 0 0 0 0 0 0 00 0 0 0 0 0 0 0 00000000 00000000 00000000 00000000 00000000 00000000 00000000 00000000 00000000 00000000 00000000 0000000 0 00000000 00000000000110 001000111111010011111011
0 00010000 00000000 01 0 1010 00010000 00011100 00010000 10000000 10000000 100000000 00 000010 000 00010 000000 0 000 00000 00 000000 0 000 0000 00 000000 0 000 0000 00 0000000 0000 000 1 1 0 0 0 0 1 0 0 0 0 0 0 0 0 0 1 0 0 0 0 0 0 0 0 0 0 00101 00000000 00000000 00011000 00110000 00000000 00011001 01001111 00100010 00000000 00000000 0000000000000000 0000000000000000 0000000000000000 000000000 00000000 00000000 0000000000000000 01001110 0000 0 0000 0 0 0 0 0 0 0 00 0 0 0 0 0 0 0 00000000 00000000 00000000 00000000 00000000 00000000 00000000 00000000 00000000 00000000 00000000 0000000 0 00000000 00000000000110 001001001111010011111011
        1 (fan auto by turbo off)                                                                                                                                                                     0 (turbo off)
0 00000010 00000000 01 0 1010 00010000 00011100 00010001 10000000 10000000 100000000 00 000010 000 00010 000000 0 000 00000 00 000000 0 000 0000 00 000000 0 000 0000 00 0000000 0000 000 1 1 0 0 0 0 0 0 0 0 0 0 0 0 0 0 1 0 0 0 0 0 0 0 0 0 0 00101 00000000 00000000 00011000 00110000 00000000 00011001 01001111 00100010 00000000 00000000 0000000000000000 0000000000000000 0000000000000000 000000000 00000000 00000000 0000000000000000 01001110 0000 0 0000 0 0 0 0 0 0 0 00 0 0 0 0 0 0 0 00000000 00000000 00000000 00000000 00000000 00000000 00000000 00000000 00000000 00000000 00000000 0000000 0 00000000 00000000000110 000111001111010011111011
0 00000010 00000000 01 0 1010 00010000 00011100 00010001 10000000 10000000 100000000 00 000010 000 00010 000000 0 000 00000 00 000000 0 000 0000 00 000000 0 000 0000 00 0000000 0000 000 1 1 0 0 0 0 0 0 0 0 0 0 0 0 0 0 1 0 0 0 0 0 0 0 0 0 0 00101 00000000 00000000 00011000 00101101 00000000 00011001 01001111 00100010 00000000 00000000 0000000000000000 0000000000000000 0000000000000000 000000000 00000000 00000000 0000000000000000 01001110 0000 0 0000 0 0 0 0 0 0 0 00 0 0 0 0 0 0 0 00000000 00000000 00000000 00000000 00000000 00000000 00000000 00000000 00000000 00000000 00000000 0000000 0 00000000 00000000000110 000110011111010011111011
0 00000010 00000000 01 0 1010 00010000 00011100 00010001 10000000 10000000 100000000 00 000010 000 00010 000000 0 000 00000 00 000000 0 000 0000 00 000000 0 000 0000 00 0000000 0000 000 1 1 0 0 0 0 0 0 0 0 0 0 0 0 0 0 1 0 0 0 0 0 0 0 0 0 0 00101 00000000 00000000 00011000 00101101 00000000 00011001 01001111 00100011 00000000 00000000 0000000000000000 0000000000000000 0000000000000000 000000000 00000000 00000000 0000000000000000 01001110 0000 0 0000 0 0 0 0 0 0 0 00 0 0 0 0 0 0 0 00000000 00000000 00000000 00000000 00000000 00000000 00000000 00000000 00000000 00000000 00000000 0000000 0 00000000 00000000000110 000110101111010011111011
                                    61 (temp to °F)
0 00000010 00000000 01 0 1010 00111101 01010010 00010001 10000000 10000000 100000000 00 000011 101 00110 000000 0 000 00000 00 000000 0 000 0000 00 000000 0 000 0000 00 0000000 0000 000 1 1 0 0 0 0 0 0 0 0 0 0 0 0 0 0 1 0 0 0 0 0 0 0 0 0 0 00101 00000000 00000000 00011000 00101101 00000000 00011001 01001111 00100011 00000000 00000000 0000000000000000 0000000000000000 0000000000000000 000000000 00000000 00000000 0000000000000000 01001100 0000 0 0000 0 0 0 0 0 0 0 00 0 0 0 0 0 0 0 00000000 00000000 00000000 00000000 00000000 00000000 00000000 00000000 00000000 00000000 00000000 0000000 0 00000000 00000000000111 010011101111010011111011
0 00000010 00000000 01 0 1010 00111101 01010010 00010001 10000000 10000000 100000000 00 000011 101 00110 000000 0 000 00000 00 000000 0 000 0000 00 000000 0 000 0000 00 0000000 0000 000 1 1 0 0 0 0 0 0 0 0 0 0 0 0 0 0 1 0 0 0 0 0 0 0 0 0 0 00101 00000000 00000000 00011000 00101101 00000000 00011000 01001111 00100011 00000000 00000000 0000000000000000 0000000000000000 0000000000000000 000000000 00000000 00000000 0000000000000000 01001010 0000 0 0000 0 0 0 0 0 0 0 00 0 0 0 0 0 0 0 00000000 00000000 00000000 00000000 00000000 00000000 00000000 00000000 00000000 00000000 00000000 0000000 0 00000000 00000000000111 010011001111010011111011
                                    16 (back to °C)
0 00000010 00000000 01 0 1010 00010000 00011100 00010001 10000000 10000000 100000000 00 000010 000 00010 000000 0 000 00000 00 000000 0 000 0000 00 000000 0 000 0000 00 0000000 0000 000 1 1 0 0 0 0 0 0 0 0 0 0 0 0 0 0 1 0 0 0 0 0 0 0 0 0 0 00101 00000000 00000000 00011000 00101101 00000000 00011000 01001111 00100011 00000000 00000000 0000000000000000 0000000000000000 0000000000000000 000000000 00000000 00000000 0000000000000000 01001000 0000 0 0000 0 0 0 0 0 0 0 00 0 0 0 0 0 0 0 00000000 00000000 00000000 00000000 00000000 00000000 00000000 00000000 00000000 00000000 00000000 0000000 0 00000000 00000000000110 000101101111010011111011
0 00000010 00000000 01 0 1010 00010000 00011100 00010000 10000000 10000000 100000000 00 000010 000 00010 000000 0 000 00000 00 000000 0 000 0000 00 000000 0 000 0000 00 0000000 0000 000 1 1 0 0 0 0 0 0 0 0 0 0 0 0 0 0 1 0 0 0 0 0 0 0 0 0 0 00101 00000000 00000000 00011000 00101101 00000000 00011000 01001111 00100100 00000000 00000000 0000000000000000 0000000000000000 0000000000000000 000000000 00000000 00000000 0000000000000000 01001000 0000 0 0000 0 0 0 0 0 0 0 00 0 0 0 0 0 0 0 00000000 00000000 00000000 00000000 00000000 00000000 00000000 00000000 00000000 00000000 00000000 0000000 0 00000000 00000000000110 000101101111010011111011
0 00000010 00000000 01 0 1010 00010000 00011100 00001111 10000000 10000000 100000000 00 000010 000 00010 000000 0 000 00000 00 000000 0 000 0000 00 000000 0 000 0000 00 0000000 0000 000 1 1 0 0 0 0 0 0 0 0 0 0 0 0 0 0 1 0 0 0 0 0 0 0 0 0 0 00101 00000000 00000000 00011000 00101101 00000000 00011000 01001111 00100100 00000000 00000000 0000000000000000 0000000000000000 0000000000000000 000000000 00000000 00000000 0000000000000000 01001000 0000 0 0000 0 0 0 0 0 0 0 00 0 0 0 0 0 0 0 00000000 00000000 00000000 00000000 00000000 00000000 00000000 00000000 00000000 00000000 00000000 0000000 0 00000000 00000000000110 000101011111010011111011
0 00000010 00000000 01 0 1010 00010000 00011100 00001110 10000000 10000000 100000000 00 000010 000 00010 000000 0 000 00000 00 000000 0 000 0000 00 000000 0 000 0000 00 0000000 0000 000 1 1 0 0 0 0 0 0 0 0 0 0 0 0 0 0 1 0 0 0 0 0 0 0 0 0 0 00101 00000000 00000000 00011000 00101101 00000000 00011000 01010000 00100100 00000000 00000000 0000000000000000 0000000000000000 0000000000000000 000000000 00000000 00000000 0000000000000000 01001000 0000 0 0000 0 0 0 0 0 0 0 00 0 0 0 0 0 0 0 00000000 00000000 00000000 00000000 00000000 00000000 00000000 00000000 00000000 00000000 00000000 0000000 0 00000000 00000000000110 000101011111010011111011
0 00000010 00000000 01 0 1010 00010000 00011100 00001110 10000000 10000000 100000000 00 000010 000 00010 000000 0 000 00000 00 000000 0 000 0000 00 000000 0 000 0000 00 0000000 0000 000 1 1 0 0 0 0 0 0 0 0 0 0 0 0 0 0 1 0 0 0 0 0 0 0 0 0 0 00101 00000000 00000000 00011000 00101101 00000000 00011000 01010000 00100101 00000000 00000000 0000000000000000 0000000000000000 0000000000000000 000000000 00000000 00000000 0000000000000000 01001000 0000 0 0000 0 0 0 0 0 0 0 00 0 0 0 0 0 0 0 00000000 00000000 00000000 00000000 00000000 00000000 00000000 00000000 00000000 00000000 00000000 0000000 0 00000000 00000000000110 000101101111010011111011
0 00000010 00000000 01 0 1010 00010000 00011011 00001110 10000000 10000000 100000000 00 000010 000 00010 000000 0 000 00000 00 000000 0 000 0000 00 000000 0 000 0000 00 0000000 0000 000 1 1 0 0 0 0 0 0 0 0 0 0 0 0 0 0 1 0 0 0 0 0 0 0 0 0 0 00101 00000000 00000000 00011000 00101101 00000000 00011000 01010000 00100101 00000000 00000000 0000000000000000 0000000000000000 0000000000000000 000000000 00000000 00000000 0000000000000000 01001000 0000 0 0000 0 0 0 0 0 0 0 00 0 0 0 0 0 0 0 00000000 00000000 00000000 00000000 00000000 00000000 00000000 00000000 00000000 00000000 00000000 0000000 0 00000000 00000000000110 000101011111010011111011
0 00000010 00000000 01 0 1010 00010000 00011100 00001110 10000000 10000000 100000000 00 000010 000 00010 000000 0 000 00000 00 000000 0 000 0000 00 000000 0 000 0000 00 0000000 0000 000 1 1 0 0 0 0 0 0 0 0 0 0 0 0 0 0 1 0 0 0 0 0 0 0 0 0 0 00101 00000000 00000000 00011000 00101101 00000000 00011000 01010000 00100101 00000000 00000000 0000000000000000 0000000000000000 0000000000000000 000000000 00000000 00000000 0000000000000000 01000110 0000 0 0000 0 0 0 0 0 0 0 00 0 0 0 0 0 0 0 00000000 00000000 00000000 00000000 00000000 00000000 00000000 00000000 00000000 00000000 00000000 0000000 0 00000000 00000000000110 000101011111010011111011
0 00000010 00000000 01 0 1010 00010000 00011011 00001110 10000000 10000000 100000000 00 000010 000 00010 000000 0 000 00000 00 000000 0 000 0000 00 000000 0 000 0000 00 0000000 0000 000 1 1 0 0 0 0 0 0 0 0 0 0 0 0 0 0 1 0 0 0 0 0 0 0 0 0 0 00101 00000000 00000000 00011000 00101101 00000000 00011000 01010000 00100101 00000000 00000000 0000000000000000 0000000000000000 0000000000000000 000000000 00000000 00000000 0000000000000000 01000110 0000 0 0000 0 0 0 0 0 0 0 00 0 0 0 0 0 0 0 00000000 00000000 00000000 00000000 00000000 00000000 00000000 00000000 00000000 00000000 00000000 0000000 0 00000000 00000000000110 000101001111010011111011
0 00000010 00000000 01 0 1010 00010000 00011100 00001110 10000000 10000000 100000000 00 000010 000 00010 000000 0 000 00000 00 000000 0 000 0000 00 000000 0 000 0000 00 0000000 0000 000 1 1 0 0 0 0 0 0 0 0 0 0 0 0 0 0 1 0 0 0 0 0 0 0 0 0 0 00101 00000000 00000000 00011000 00101101 00000000 00010111 01010000 00100101 00000000 00000000 0000000000000000 0000000000000000 0000000000000000 000000000 00000000 00000000 0000000000000000 01001000 0000 0 0000 0 0 0 0 0 0 0 00 0 0 0 0 0 0 0 00000000 00000000 00000000 00000000 00000000 00000000 00000000 00000000 00000000 00000000 00000000 0000000 0 00000000 00000000000110 000101011111010011111011
0 00000010 00000000 01 0 1010 00010000 00011100 00001110 10000000 10000000 100000000 00 000010 000 00010 000000 0 000 00000 00 000000 0 000 0000 00 000000 0 000 0000 00 0000000 0000 000 1 1 0 0 0 0 0 0 0 0 0 0 0 0 0 0 1 0 0 0 0 0 0 0 0 0 0 00101 00000000 00000000 00011000 00101101 00000000 00010111 01010000 00100101 00000000 00000000 0000000000000000 0000000000000000 0000000000000000 000000000 00000000 00000000 0000000000000000 01001000 0000 0 0000 0 0 0 0 0 0 0 00 0 0 0 0 0 0 0 00000000 00000000 00000000 00000000 00000000 00000000 00000000 00000000 00000000 00000000 00000000 0000000 0 00000000 00000000000110 000101011111010011111011
0 00000010 00000000 01 0 1010 00011001 00011011 00001110 10000000 10000000 100000000 00 000011 001 00010 000000 0 000 00000 00 000000 0 000 0000 00 000000 0 000 0000 00 0000000 0000 000 1 1 0 0 0 0 0 0 0 0 0 0 0 0 0 0 1 0 0 0 0 0 0 0 0 0 0 00101 00000000 00000000 00011000 00101101 00000000 00010111 01010000 00100110 00000000 00000000 0000000000000000 0000000000000000 0000000000000000 000000000 00000000 00000000 0000000000000000 01000110 0000 0 0000 0 0 0 0 0 0 0 00 0 0 0 0 0 0 0 00000000 00000000 00000000 00000000 00000000 00000000 00000000 00000000 00000000 00000000 00000000 0000000 0 00000000 00000000000110 101011011111010011111011
0 00000010 00000000 01 0 1010 00011001 00011011 00001111 10000000 10000000 100000000 00 000011 001 00010 000000 0 000 00000 00 000000 0 000 0000 00 000000 0 000 0000 00 0000000 0000 000 1 1 0 0 0 0 0 0 0 0 0 0 0 0 0 0 1 0 0 0 0 0 0 0 0 0 0 00101 00000000 00000000 00011000 00101001 00000000 00010111 01010000 00100110 00000000 00000000 0000000000000000 0000000000000000 0000000000000000 000000000 00000000 00000000 0000000000000000 01001000 0000 0 0000 0 0 0 0 0 0 0 00 0 0 0 0 0 0 0 00000000 00000000 00000000 00000000 00000000 00000000 00000000 00000000 00000000 00000000 00000000 0000000 0 00000000 00000000000110 101010111111010011111011

1 2        3        4  5 6    7        8        9        10       11       12        13 14     15  16    17       19  20    21 22       24  25   26 27       29  30   31 32      33   34  35  37  39  41  43  45  47  49  51  53  55  57  59  61      63       64       65       66       67       68       69       70       71       72       73               74               75               76        77       78       79               80       81   82     84  86  88  90   92  94  96  98         100      101      102      103      104      105      106      107      108      109      110       112      113
1 2      . 10    .. 8. 0 21   25       33       41       49       57       65      . 4. 76   . 82. 85  . 90     6 7.. 100   5. 107    3 4.. 117  1. 123    9 0.. 133  7. 139   . 146. 150 153 155 157 159 161 163 165 167 169 171 173 175 177 9 0.... 185      193      201      209      217      225      233      241      249      257      265              281              297              313       321      329      337              353      61.. 4 5... 369           6. 8             385      393      401      409      417      425      433      441      449      457      465      473 ... 0 481      490    .......

0 00000010 00000000 01 0 1010 00011001 00011011 00001110 10000000 10000000 100000000 00 000011 001 00010 000000 0 000 00000 00 000000 0 000 0000 00 000000 0 000 0000 00 0000000 0000 000 1 1 0 0 0 0 0 0 0 0 0 0 0 0 0 0 1 0 0 0 0 0 0 0 0 0 0 00101 00000000 00000000 00011000 00101001 00000000 00010111 01010000 00100110 00000000 00000000 0000000000000000 0000000000000000 0000000000000000 000000000 00000000 00000000 0000000000000000 01001000 0000 0 0000 0 0 0 0 0 0 0 00 0 0 0 0 0 0 0 00000000 00000000 00000000 00000000 00000000 00000000 00000000 00000000 00000000 00000000 00000000 0000000 0 00000000 00000000000110 101010101111010011111011
0 00000010 00000000 01 0 1010 00011001 00011011 00001110 10000000 10000000 100000000 00 000011 001 00010 000000 0 000 00000 00 000000 0 000 0000 00 000000 0 000 0000 00 0000000 0000 000 1 1 0 0 0 0 0 0 0 0 0 0 0 0 0 0 1 0 0 0 0 0 0 0 0 0 0 00101 00000000 00000000 00011000 00101001 00000000 00010111 01010000 00100110 00000000 00000000 0000000000000000 0000000000000000 0000000000000000 000000000 00000000 00000000 0000000000000000 01000110 0000 0 0000 0 0 0 0 0 0 0 00 0 0 0 0 0 0 0 00000000 00000000 00000000 00000000 00000000 00000000 00000000 00000000 00000000 00000000 00000000 0000000 0 00000000 00000000000110 101010011111010011111011
                1 (sleep mode)
0 00001000 00000100 01 0 1010 00011001 00011011 00001110 10000000 10000000 100000000 00 000011 001 00010 000000 0 000 00000 00 000000 0 000 0000 00 000000 0 000 0000 00 0000000 0000 000 1 1 0 0 0 0 0 0 0 0 0 0 0 0 0 0 1 0 0 0 0 0 0 0 0 0 0 00101 00000000 00000000 00011000 00100010 00000000 00010111 01010000 00100110 00000000 00000000 0000000000000000 0000000000000000 0000000000000000 000000000 00000000 00000000 0000000000000000 01001000 0000 0 0000 0 0 0 0 0 0 0 00 0 0 0 0 0 0 0 00000000 00000000 00000000 00000000 00000000 00000000 00000000 00000000 00000000 00000000 00000000 0000000 0 00000000 00000000000110 101010001111010011111011
                2 (sleep mode)
0 00001000 00001000 01 0 1010 00011001 00011011 00001110 10000000 10000000 100000000 00 000011 001 00010 000000 0 000 00000 00 000000 0 000 0000 00 000000 0 000 0000 00 0000000 0000 000 1 1 0 0 0 0 0 0 0 0 0 0 0 0 0 0 1 0 0 0 0 0 0 0 0 0 0 00101 00000000 00000000 00011000 00100010 00000000 00010111 01010000 00100110 00000000 00000000 0000000000000000 0000000000000000 0000000000000000 000000000 00000000 00000000 0000000000000000 01001000 0000 0 0000 0 0 0 0 0 0 0 00 0 0 0 0 0 0 0 00000000 00000000 00000000 00000000 00000000 00000000 00000000 00000000 00000000 00000000 00000000 0000000 0 00000000 00000000000110 101010101111010011111011
                4 (sleep mode)
0 00001000 00010000 01 0 1010 00011001 00011011 00001101 10000000 10000000 100000000 00 000011 001 00010 000000 0 000 00000 00 000000 0 000 0000 00 000000 0 000 0000 00 0000000 0000 000 1 1 0 0 0 0 0 0 0 0 0 0 0 0 0 0 1 0 0 0 0 0 0 0 0 0 0 00101 00000000 00000000 00011000 00100010 00000000 00010111 01010000 00100110 00000000 00000000 0000000000000000 0000000000000000 0000000000000000 000000000 00000000 00000000 0000000000000000 01001000 0000 0 0000 0 0 0 0 0 0 0 00 0 0 0 0 0 0 0 00000000 00000000 00000000 00000000 00000000 00000000 00000000 00000000 00000000 00000000 00000000 0000000 0 00000000 00000000000110 101011011111010011111011
0 00000010 00000000 01 0 1010 00011001 00011011 00001101 10000000 10000000 100000000 00 000011 001 00010 000000 0 000 00000 00 000000 0 000 0000 00 000000 0 000 0000 00 0000000 0000 000 1 1 0 0 0 0 0 0 0 0 0 0 0 0 0 0 1 0 0 0 0 0 0 0 0 0 0 00101 00000000 00000000 00011000 00101001 00000000 00010111 01010000 00100110 00000000 00000000 0000000000000000 0000000000000000 0000000000000000 000000000 00000000 00000000 0000000000000000 01001000 0000 0 0000 0 0 0 0 0 0 0 00 0 0 0 0 0 0 0 00000000 00000000 00000000 00000000 00000000 00000000 00000000 00000000 00000000 00000000 00000000 0000000 0 00000000 00000000000110 101010011111010011111011
                                                                                                                                                                                          0 (flap dir)
0 00000010 00000000 01 0 1000 00011001 00011011 00001101 10000000 10000000 100000000 00 000011 001 00010 000000 0 000 00000 00 000000 0 000 0000 00 000000 0 000 0000 00 0000000 0000 000 0 1 0 0 0 0 0 0 0 0 0 0 0 0 0 0 1 0 0 0 0 0 0 0 0 0 0 00101 00000000 00000000 00011000 00100101 00000000 00010111 01010000 00100110 00000000 00000000 0000000000000000 0000000000000000 0000000000000000 000000000 00000000 00000000 0000000000000000 01001000 0000 0 0000 0 0 0 0 0 0 0 00 0 0 0 0 0 0 0 00000000 00000000 00000000 00000000 00000000 00000000 00000000 00000000 00000000 00000000 00000000 0000000 0 00000000 00000000000110 001000111111010011111011
0 00000010 00000000 01 0 1000 00011001 00011011 00001101 10000000 10000000 100000000 00 000011 001 00010 000000 0 000 00000 00 000000 0 000 0000 00 000000 0 000 0000 00 0000000 0000 000 0 1 0 0 0 0 0 0 0 0 0 0 0 0 0 0 1 0 0 0 0 0 0 0 0 0 0 00101 00000000 00000000 00011000 00101001 00000000 00010111 01010000 00100110 00000000 00000000 0000000000000000 0000000000000000 0000000000000000 000000000 00000000 00000000 0000000000000000 01001000 0000 0 0000 0 0 0 0 0 0 0 00 0 0 0 0 0 0 0 00000000 00000000 00000000 00000000 00000000 00000000 00000000 00000000 00000000 00000000 00000000 0000000 0 00000000 00000000000110 001001111111010011111011
                                                                                                                                                                                            0 (horiz dir)
0 00000010 00000000 01 0 1000 00011001 00011011 00001101 10000000 10000000 100000000 00 000011 001 00010 000000 0 000 00000 00 000000 0 000 0000 00 000000 0 000 0000 00 0000000 0000 000 0 0 0 0 0 0 0 0 0 0 0 0 0 0 0 0 1 0 0 0 0 0 0 0 0 0 0 00101 00000000 00000000 00011000 00101001 00000000 00010111 01010000 00100110 00000000 00000000 0000000000000000 0000000000000000 0000000000000000 000000000 00000000 00000000 0000000000000000 01001000 0000 0 0000 0 0 0 0 0 0 0 00 0 0 0 0 0 0 0 00000000 00000000 00000000 00000000 00000000 00000000 00000000 00000000 00000000 00000000 00000000 0000000 0 00000000 00000000000101 111001111111010011111011
0 00000010 00000000 01 0 1000 00011001 00011011 00001101 10000000 10000000 100000000 00 000011 001 00010 000000 0 000 00000 00 000000 0 000 0000 00 000000 0 000 0000 00 0000000 0000 000 0 0 0 0 0 0 0 0 0 0 0 0 0 0 0 0 1 0 0 0 0 0 0 0 0 0 0 00101 00000000 00000000 00011000 00100101 00000000 00010111 01010000 00100110 00000000 00000000 0000000000000000 0000000000000000 0000000000000000 000000000 00000000 00000000 0000000000000000 01001000 0000 0 0000 0 0 0 0 0 0 0 00 0 0 0 0 0 0 0 00000000 00000000 00000000 00000000 00000000 00000000 00000000 00000000 00000000 00000000 00000000 0000000 0 00000000 00000000000101 111000111111010011111011
                                                                                                                                                                                          1 (flap osc)
0 00000010 00000000 01 0 1010 00011001 00011011 00001101 10000000 10000000 100000000 00 000011 001 00010 000000 0 000 00000 00 000000 0 000 0000 00 000000 0 000 0000 00 0000000 0000 000 1 0 0 0 0 0 0 0 0 0 0 0 0 0 0 0 1 0 0 0 0 0 0 0 0 0 0 00101 00000000 00000000 00011000 00101001 00000000 00010111 01010000 00100110 00000000 00000000 0000000000000000 0000000000000000 0000000000000000 000000000 00000000 00000000 0000000000000000 01001000 0000 0 0000 0 0 0 0 0 0 0 00 0 0 0 0 0 0 0 00000000 00000000 00000000 00000000 00000000 00000000 00000000 00000000 00000000 00000000 00000000 0000000 0 00000000 00000000000110 011010011111010011111011
                                                                                                                                                                                            1 (horiz osc)
0 00000010 00000000 01 0 1010 00011001 00011011 00001101 10000000 10000000 100000000 00 000011 001 00010 000000 0 000 00000 00 000000 0 000 0000 00 000000 0 000 0000 00 0000000 0000 000 1 1 0 0 0 0 0 0 0 0 0 0 0 0 0 0 1 0 0 0 0 0 0 0 0 0 0 00101 00000000 00000000 00011000 00101001 00000000 00010111 01010000 00100110 00000000 00000000 0000000000000000 0000000000000000 0000000000000000 000000000 00000000 00000000 0000000000000000 01001000 0000 0 0000 0 0 0 0 0 0 0 00 0 0 0 0 0 0 0 00000000 00000000 00000000 00000000 00000000 00000000 00000000 00000000 00000000 00000000 00000000 0000000 0 00000000 00000000000110 101010011111010011111011
0 00000010 00000000 01 0 1010 00011001 00011011 00001101 10000000 10000000 100000000 00 000011 001 00010 000000 0 000 00000 00 000000 0 000 0000 00 000000 0 000 0000 00 0000000 0000 000 1 1 0 0 0 0 0 0 0 0 0 0 0 0 0 0 1 0 0 0 0 0 0 0 0 0 0 00101 00000000 00000000 00011000 00100101 00000000 00010111 01001111 00100110 00000000 00000000 0000000000000000 0000000000000000 0000000000000000 000000000 00000000 00000000 0000000000000000 01001000 0000 0 0000 0 0 0 0 0 0 0 00 0 0 0 0 0 0 0 00000000 00000000 00000000 00000000 00000000 00000000 00000000 00000000 00000000 00000000 00000000 0000000 0 00000000 00000000000110 101001001111010011111011
                                                                                                                                            0          6 (timer on at 13:40)
0 00000010 00000000 01 0 1010 00011001 00011011 00001101 10000000 10000000 100000000 00 000011 001 00010 000000 0 000 00000 00 000000 0 000 0011 00 011001 0 000 0000 00 0000000 0000 000 1 1 0 0 0 0 0 0 0 0 0 0 0 0 0 0 1 0 0 0 0 0 0 0 0 0 0 00101 00000000 00000000 00011000 00101001 00000000 00010111 01010000 00100110 00000000 00000000 0000000000000000 0000000000000000 0000000000000000 000000000 00000000 00000000 0000000000000000 01001000 0000 0 0000 0 0 0 0 0 0 0 00 0 0 0 0 0 0 0 00000000 00000000 00000000 00000000 00000000 00000000 00000000 00000000 00000000 00000000 00000000 0000000 0 00000000 00000000000110 110001011111010011111011
0 00000010 00000000 01 0 1010 00011001 00011011 00001101 10000000 10000000 100000000 00 000011 001 00010 000000 0 000 00000 00 000000 0 000 0011 00 010101 0 000 0000 00 0000000 0000 000 1 1 0 0 0 0 0 0 0 0 0 0 0 0 0 0 1 0 0 0 0 0 0 0 0 0 0 00101 00000000 00000000 00011000 00101001 00000000 00010111 01010000 00100110 00000000 00000000 0000000000000000 0000000000000000 0000000000000000 000000000 00000000 00000000 0000000000000000 01001000 0000 0 0000 0 0 0 0 0 0 0 00 0 0 0 0 0 0 0 00000000 00000000 00000000 00000000 00000000 00000000 00000000 00000000 00000000 00000000 00000000 0000000 0 00000000 00000000000110 110000011111010011111011
                                                                                                                                                                 0         10 (timer off at 13:45)
0 00000010 00000000 01 0 1010 00011001 00011011 00001101 10000000 10000000 100000000 00 000011 001 00010 000000 0 000 00000 00 000000 0 000 0011 00 010101 0 000 0011 00 1010010 0000 000 1 1 0 0 0 0 0 0 0 0 0 0 0 0 0 0 1 0 0 0 0 0 0 0 0 0 0 00101 00000000 00000000 00011000 00101001 00000000 00010111 01010000 00100110 00000000 00000000 0000000000000000 0000000000000000 0000000000000000 000000000 00000000 00000000 0000000000000000 01001000 0000 0 0000 0 0 0 0 0 0 0 00 0 0 0 0 0 0 0 00000000 00000000 00000000 00000000 00000000 00000000 00000000 00000000 00000000 00000000 00000000 0000000 0 00000000 00000000000110 111011011111010011111011
	                                                                                                                                        2          5 (timer on at 15:40)
0 00000010 00000000 01 0 1010 00011001 00011011 00001101 10000000 10000000 100000000 00 000011 001 00010 000000 0 000 00000 00 000000 0 001 0011 00 010101 0 000 0011 00 1010010 0000 000 1 1 0 0 0 0 0 0 0 0 0 0 0 0 0 0 1 0 0 0 0 0 0 0 0 0 0 00101 00000000 00000000 00011000 00101001 00000000 00010111 01010000 00100110 00000000 00000000 0000000000000000 0000000000000000 0000000000000000 000000000 00000000 00000000 0000000000000000 01001000 0000 0 0000 0 0 0 0 0 0 0 00 0 0 0 0 0 0 0 00000000 00000000 00000000 00000000 00000000 00000000 00000000 00000000 00000000 00000000 00000000 0000000 0 00000000 00000000000110 111111011111010011111011
0 00000010 00000000 01 0 1010 00011001 00011011 00001101 10000000 10000000 100000000 00 000011 001 00010 000000 0 000 00000 00 000000 0 001 0011 00 010101 0 000 0011 00 1010010 0000 000 1 1 0 0 0 0 0 0 0 0 0 0 0 0 0 0 1 0 0 0 0 0 0 0 0 0 0 00101 00000000 00000000 00011000 00100101 00000000 00010111 01001111 00100110 00000000 00000000 0000000000000000 0000000000000000 0000000000000000 000000000 00000000 00000000 0000000000000000 01001000 0000 0 0000 0 0 0 0 0 0 0 00 0 0 0 0 0 0 0 00000000 00000000 00000000 00000000 00000000 00000000 00000000 00000000 00000000 00000000 00000000 0000000 0 00000000 00000000000110 111110001111010011111011
                                                                                                                                                                 2         17 (timer off at 15:45)
0 00000010 00000000 01 0 1010 00011001 00011011 00001101 10000000 10000000 100000000 00 000011 001 00010 000000 0 000 00000 00 000000 0 001 0011 00 010001 0 001 0011 00 1001010 0000 000 1 1 0 0 0 0 0 0 0 0 0 0 0 0 0 0 1 0 0 0 0 0 0 0 0 0 0 00101 00000000 00000000 00011000 00100101 00000000 00010111 01001111 00100110 00000000 00000000 0000000000000000 0000000000000000 0000000000000000 000000000 00000000 00000000 0000000000000000 01001000 0000 0 0000 0 0 0 0 0 0 0 00 0 0 0 0 0 0 0 00000000 00000000 00000000 00000000 00000000 00000000 00000000 00000000 00000000 00000000 00000000 0000000 0 00000000 00000000000111 000000001111010011111011
                                                                                                                                      (timer on to off)    (timer off to off)
0 00000010 00000000 01 0 1010 00011001 00011011 00001101 10000000 10000000 100000000 00 000011 001 00010 000000 0 000 00000 00 000000 0 000 0000 00 000000 0 000 0000 00 0000000 0000 000 1 1 0 0 0 0 0 0 0 0 0 0 0 0 0 0 1 0 0 0 0 0 0 0 0 0 0 00101 00000000 00000000 00011000 00100101 00000000 00010111 01001111 00100110 00000000 00000000 0000000000000000 0000000000000000 0000000000000000 000000000 00000000 00000000 0000000000000000 01001000 0000 0 0000 0 0 0 0 0 0 0 00 0 0 0 0 0 0 0 00000000 00000000 00000000 00000000 00000000 00000000 00000000 00000000 00000000 00000000 00000000 0000000 0 00000000 00000000000110 101001001111010011111011
0 00000010 00000000 01 0 1010 00011001 00011011 00001101 10000000 10000000 100000000 00 000011 001 00010 000000 0 000 00000 00 000000 0 000 0000 00 000000 0 000 0000 00 0000000 0000 000 1 1 0 0 0 0 0 0 0 0 0 0 0 0 0 0 1 0 0 0 0 0 0 0 0 0 0 00101 00000000 00000000 00011000 00100101 00000000 00010110 01001111 00100110 00000000 00000000 0000000000000000 0000000000000000 0000000000000000 000000000 00000000 00000000 0000000000000000 01001000 0000 0 0000 0 0 0 0 0 0 0 00 0 0 0 0 0 0 0 00000000 00000000 00000000 00000000 00000000 00000000 00000000 00000000 00000000 00000000 00000000 0000000 0 00000000 00000000000110 101000111111010011111011
                       1(launch on) 23 (heat mode)
0 00000000 00000000 00 1 1010 00010111 00011011 00001101 10000000 10000000 100000000 00 000010 111 00010 000000 0 000 00000 00 000000 0 000 0000 00 000000 0 000 0000 00 0000000 0000 000 1 1 0 0 0 0 0 0 0 0 0 0 0 0 0 0 1 0 0 0 0 0 0 0 0 0 0 00101 00000000 00000000 00011000 00100101 00000000 00010110 01001111 00100111 00000000 00000000 0000000000000000 0000000000000000 0000000000000000 000000000 00000000 00000000 0000000000000000 01001000 0000 0 0000 0 0 0 0 0 0 0 00 0 0 0 0 0 0 0 00000000 00000000 00000000 00000000 00000000 00000000 00000000 00000000 00000000 00000000 00000000 0000000 0 00000000 00000000000110 011100011111010011111011
0 00000000 00000000 00 1 1010 00010111 00011011 00001101 10000000 10000000 100000000 00 000010 111 00010 000000 0 000 00000 00 000000 0 000 0000 00 000000 0 000 0000 00 0000000 0000 000 1 1 0 0 0 0 0 0 0 0 0 0 0 0 0 0 1 0 0 0 0 0 0 0 0 0 0 00101 00000000 00000000 00000000 00000000 00000000 00010110 01001111 00100111 00000000 00000000 0000000000000000 0000000000000000 0000000000000000 000000000 00000000 00000000 0000000000000000 01001000 0000 0 0000 0 0 0 0 0 0 0 00 0 0 0 0 0 0 0 00000000 00000000 00000000 00000000 00000000 00000000 00000000 00000000 00000000 00000000 00000000 0000000 0 00000000 00000000000110 001101001111010011111011
0 00000000 00000000 00 1 1010 00010111 00011011 00001011 10000000 10000000 100000000 00 000010 111 00010 000000 0 000 00000 00 000000 0 000 0000 00 000000 0 000 0000 00 0000000 0000 000 1 1 0 0 0 0 0 0 0 0 0 0 0 0 0 0 1 0 0 0 0 0 0 0 0 0 0 00101 00000000 00000000 00000000 00000000 00000000 00010110 01001111 00100111 00000000 00000000 0000000000000000 0000000000000000 0000000000000000 000000000 00000000 00000000 0000000000000000 01001100 0000 0 0000 0 0 0 0 0 0 0 00 0 0 0 0 0 0 0 00000000 00000000 00000000 00000000 00000000 00000000 00000000 00000000 00000000 00000000 00000000 0000000 0 00000000 00000000000110 001101001111010011111011
                                    25 (heat mode)
0 00000000 00000000 00 1 1010 00011001 00011011 00001001 10000000 10000000 100000000 00 000011 001 00010 000000 0 000 00000 00 000000 0 000 0000 00 000000 0 000 0000 00 0000000 0000 000 1 1 0 0 0 0 0 0 0 0 0 0 0 0 0 0 1 0 0 0 0 0 0 0 0 0 0 00101 00000000 00000000 00000000 00000000 00000000 00010110 01001110 00100111 00000000 00000000 0000000000000000 0000000000000000 0000000000000000 000000000 00000000 00000000 0000000000000000 01001100 0000 0 0000 0 0 0 0 0 0 0 00 0 0 0 0 0 0 0 00000000 00000000 00000000 00000000 00000000 00000000 00000000 00000000 00000000 00000000 00000000 0000000 0 00000000 00000000000110 010100111111010011111011

1 2        3        4  5 6    7        8        9        10       11       12        13 14     15  16    17       19  20    21 22       24  25   26 27       29  30   31 32      33   34  35  37  39  41  43  45  47  49  51  53  55  57  59  61      63       64       65       66       67       68       69       70       71       72       73               74               75               76        77       78       79               80       81   82     84  86  88  90   92  94  96  98         100      101      102      103      104      105      106      107      108      109      110       112      113
1 2      . 10    .. 8. 0 21   25       33       41       49       57       65      . 4. 76   . 82. 85  . 90     6 7.. 100   5. 107    3 4.. 117  1. 123    9 0.. 133  7. 139   . 146. 150 153 155 157 159 161 163 165 167 169 171 173 175 177 9 0.... 185      193      201      209      217      225      233      241      249      257      265              281              297              313       321      329      337              353      61.. 4 5... 369           6. 8             385      393      401      409      417      425      433      441      449      457      465      473 ... 0 481      490    .......

0 00000000 00000000 00 1 1010 00011001 00011011 00001000 10000000 10000000 100000000 00 000011 001 00010 000000 0 000 00000 00 000000 0 000 0000 00 000000 0 000 0000 00 0000000 0000 000 1 1 0 0 0 0 0 0 0 0 0 0 0 0 0 0 1 0 0 0 0 0 0 0 0 0 0 00101 00000000 00000000 00000000 00000000 00000000 00010110 01001110 00100110 00000000 00000000 0000000000000000 0000000000000000 0000000000000000 000000000 00000000 00000000 0000000000000000 00010000 0000 0 0000 0 0 0 0 0 0 0 00 0 0 0 0 0 0 0 00000000 00000000 00000000 00000000 00000000 00000000 00000000 00000000 00000000 00000000 00000000 0000000 0 00000000 00000000000110 001100111111010011111011
0 00000000 00000000 00 1 1010 00011001 00011011 00000111 10000000 10000000 100000000 00 000011 001 00010 000000 0 000 00000 00 000000 0 000 0000 00 000000 0 000 0000 00 0000000 0000 000 1 1 0 0 0 0 0 0 0 0 0 0 0 0 0 0 1 0 0 0 0 0 0 0 0 0 0 00101 00000000 00000000 00000000 00000000 00000000 00010110 01001101 00100110 00000000 00000000 0000000000000000 0000000000000000 0000000000000000 000000000 00000000 00000000 0000000000000000 00010000 0000 0 0000 0 0 0 0 0 0 0 00 0 0 0 0 0 0 0 00000000 00000000 00000000 00000000 00000000 00000000 00000000 00000000 00000000 00000000 00000000 0000000 0 00000000 00000000000110 001100011111010011111011
        6 (fan mode start)                                                                     000 (display temp off for fan and deu modes)
0 00001100 00000000 00 0 1010 00011001 00011011 00001000 10000000 10000000 100000000 00 000010 000 00010 000000 0 000 00000 00 000000 0 000 0000 00 000000 0 000 0000 00 0000000 0000 000 1 1 0 0 0 0 0 0 0 0 0 0 0 0 0 0 1 0 0 0 0 0 0 0 0 0 0 00101 00000000 00000000 00000000 00000000 00000000 00010111 01001100 00100110 00000000 00000000 0000000000000000 0000000000000000 0000000000000000 000000000 00000000 00000000 0000000000000000 00010000 0000 0 0000 0 0 0 0 0 0 0 00 0 0 0 0 0 0 0 00000000 00000000 00000000 00000000 00000000 00000000 00000000 00000000 00000000 00000000 00000000 0000000 0 00000000 00000000000101 100110001111010011111011
0 00001100 00000000 00 0 1010 00011001 00011011 00001000 10000000 10000000 100000000 00 000010 000 00010 000000 0 000 00000 00 000000 0 000 0000 00 000000 0 000 0000 00 0000000 0000 000 1 1 0 0 0 0 0 0 0 0 0 0 0 0 0 0 1 0 0 0 0 0 0 0 0 0 0 00101 00000000 00000000 00000000 00000000 00000000 00010111 01001011 00100110 00000000 00000000 0000000000000000 0000000000000000 0000000000000000 000000000 00000000 00000000 0000000000000000 00010000 0000 0 0000 0 0 0 0 0 0 0 00 0 0 0 0 0 0 0 00000000 00000000 00000000 00000000 00000000 00000000 00000000 00000000 00000000 00000000 00000000 0000000 0 00000000 00000000000101 100101111111010011111011
0 00001100 00000000 00 0 1010 00011001 00011011 00001010 10000000 10000000 100000000 00 000010 000 00010 000000 0 000 00000 00 000000 0 000 0000 00 000000 0 000 0000 00 0000000 0000 000 1 1 0 0 0 0 0 0 0 0 0 0 0 0 0 0 1 0 0 0 0 0 0 0 0 0 0 00101 00000000 00000000 00000000 00000000 00000000 00010111 01001011 00100110 00000000 00000000 0000000000000000 0000000000000000 0000000000000000 000000000 00000000 00000000 0000000000000000 00010000 0000 0 0000 0 0 0 0 0 0 0 00 0 0 0 0 0 0 0 00000000 00000000 00000000 00000000 00000000 00000000 00000000 00000000 00000000 00000000 00000000 0000000 0 00000000 00000000000101 100110011111010011111011
        8 (fan mode to max)
0 00010000 00000000 00 0 1010 00011001 00011011 00001101 10000000 10000000 100000000 00 000010 000 00010 000000 0 000 00000 00 000000 0 000 0000 00 000000 0 000 0000 00 0000000 0000 000 1 1 0 0 0 0 0 0 0 0 0 0 0 0 0 0 1 0 0 0 0 0 0 0 0 0 0 00101 00000000 00000000 00000000 00000000 00000000 00010111 01001001 00100101 00000000 00000000 0000000000000000 0000000000000000 0000000000000000 000000000 00000000 00000000 0000000000000000 00010000 0000 0 0000 0 0 0 0 0 0 0 00 0 0 0 0 0 0 0 00000000 00000000 00000000 00000000 00000000 00000000 00000000 00000000 00000000 00000000 00000000 0000000 0 00000000 00000000000101 100110111111010011111011
0 00010000 00000000 00 0 1010 00011001 00011011 00001111 10000000 10000000 100000000 00 000010 000 00010 000000 0 000 00000 00 000000 0 000 0000 00 000000 0 000 0000 00 0000000 0000 000 1 1 0 0 0 0 0 0 0 0 0 0 0 0 0 0 1 0 0 0 0 0 0 0 0 0 0 00101 00000000 00000000 00000000 00000000 00000000 00010111 01001001 00100101 00000000 00000000 0000000000000000 0000000000000000 0000000000000000 000000000 00000000 00000000 0000000000000000 00010000 0000 0 0000 0 0 0 0 0 0 0 00 0 0 0 0 0 0 0 00000000 00000000 00000000 00000000 00000000 00000000 00000000 00000000 00000000 00000000 00000000 0000000 0 00000000 00000000000101 100111011111010011111011
        1 (auto by deu)
0 00000010 00000000 01 1 1010 00011001 00011011 00010000 10000000 10000000 100000000 00 000010 000 00010 000000 0 000 00000 00 000000 0 000 0000 00 000000 0 000 0000 00 0000000 0000 000 1 1 0 0 0 0 0 0 0 0 0 0 0 0 0 0 1 0 0 0 0 0 0 0 0 0 0 00101 00000000 00000000 00000000 00000000 00000000 00010111 01001000 00100101 00000000 00000000 0000000000000000 0000000000000000 0000000000000000 000000000 00000000 00000000 0000000000000000 00010000 0000 0 0000 0 0 0 0 0 0 0 00 0 0 0 0 0 0 0 00000000 00000000 00000000 00000000 00000000 00000000 00000000 00000000 00000000 00000000 00000000 0000000 0 00000000 00000000000101 110001101111010011111011
0 00000010 00000000 01 1 1010 00011001 00011011 00010001 10000000 10000000 100000000 00 000010 000 00010 000000 0 000 00000 00 000000 0 000 0000 00 000000 0 000 0000 00 0000000 0000 000 1 1 0 0 0 0 0 0 0 0 0 0 0 0 0 0 1 0 0 0 0 0 0 0 0 0 0 00101 00000000 00000000 00000000 00000000 00000000 00010111 01000110 00100101 00000000 00000000 0000000000000000 0000000000000000 0000000000000000 000000000 00000000 00000000 0000000000000000 00010000 0000 0 0000 0 0 0 0 0 0 0 00 0 0 0 0 0 0 0 00000000 00000000 00000000 00000000 00000000 00000000 00000000 00000000 00000000 00000000 00000000 0000000 0 00000000 00000000000101 110001011111010011111011
0 00000010 00000000 01 1 1010 00011001 00011011 00010010 10000000 10000000 100000000 00 000010 000 00010 000000 0 000 00000 00 000000 0 000 0000 00 000000 0 000 0000 00 0000000 0000 000 1 1 0 0 0 0 0 0 0 0 0 0 0 0 0 0 1 0 0 0 0 0 0 0 0 0 0 00101 00000000 00000000 00000000 00000000 00000000 00011000 01000101 00100101 00000000 00000000 0000000000000000 0000000000000000 0000000000000000 000000000 00000000 00000000 0000000000000000 00010000 0000 0 0000 0 0 0 0 0 0 0 00 0 0 0 0 0 0 0 00000000 00000000 00000000 00000000 00000000 00000000 00000000 00000000 00000000 00000000 00000000 0000000 0 00000000 00000000000101 110001101111010011111011
0 00000010 00000000 01 1 1010 00011001 00011011 00010011 10000000 10000000 100000000 00 000010 000 00010 000000 0 000 00000 00 000000 0 000 0000 00 000000 0 000 0000 00 0000000 0000 000 1 1 0 0 0 0 0 0 0 0 0 0 0 0 0 0 1 0 0 0 0 0 0 0 0 0 0 00101 00000000 00000000 00000000 00000000 00000000 00011000 01000101 00100100 00000000 00000000 0000000000000000 0000000000000000 0000000000000000 000000000 00000000 00000000 0000000000000000 00010000 0000 0 0000 0 0 0 0 0 0 0 00 0 0 0 0 0 0 0 00000000 00000000 00000000 00000000 00000000 00000000 00000000 00000000 00000000 00000000 00000000 0000000 0 00000000 00000000000101 110001101111010011111011
0 00000010 00000000 01 1 1010 00011001 00011011 00010100 10000000 10000000 100000000 00 000010 000 00010 000000 0 000 00000 00 000000 0 000 0000 00 000000 0 000 0000 00 0000000 0000 000 1 1 0 0 0 0 0 0 0 0 0 0 0 0 0 0 1 0 0 0 0 0 0 0 0 0 0 00101 00000000 00000000 00000000 00000000 00000000 00011000 01000011 00100100 00000000 00000000 0000000000000000 0000000000000000 0000000000000000 000000000 00000000 00000000 0000000000000000 00010000 0000 0 0000 0 0 0 0 0 0 0 00 0 0 0 0 0 0 0 00000000 00000000 00000000 00000000 00000000 00000000 00000000 00000000 00000000 00000000 00000000 0000000 0 00000000 00000000000101 110001011111010011111011
0 00000010 00000000 01 1 1010 00011001 00011011 00010100 10000000 10000000 100000000 00 000010 000 00010 000000 0 000 00000 00 000000 0 000 0000 00 000000 0 000 0000 00 0000000 0000 000 1 1 0 0 0 0 0 0 0 0 0 0 0 0 0 0 1 0 0 0 0 0 0 0 0 0 0 00101 00000000 00000000 00000000 00000000 00000000 00011000 01000010 00100100 00000000 00000000 0000000000000000 0000000000000000 0000000000000000 000000000 00000000 00000000 0000000000000000 00010000 0000 0 0000 0 0 0 0 0 0 0 00 0 0 0 0 0 0 0 00000000 00000000 00000000 00000000 00000000 00000000 00000000 00000000 00000000 00000000 00000000 0000000 0 00000000 00000000000101 110001001111010011111011
                                                                                                                                                                                                                          0 (split on)
0 00000010 00000000 01 1 0010 00011001 00011011 00010100 10000000 10000000 100000000 00 000010 000 00010 000000 0 000 00000 00 000000 0 000 0000 00 000000 0 000 0000 00 0000000 0000 000 1 1 0 0 0 0 0 0 0 0 0 0 0 0 0 0 0 0 0 0 0 0 0 0 0 0 0 00101 00000000 00000000 00000000 00000000 00000000 00011000 01000001 00100100 00000000 00000000 0000000000000000 0000000000000000 0000000000000000 000000000 00000000 00000000 0000000000000000 00010000 0000 0 0000 0 0 0 0 0 0 0 00 0 0 0 0 0 0 0 00000000 00000000 00000000 00000000 00000000 00000000 00000000 00000000 00000000 00000000 00000000 0000000 0 00000000 00000000000101 001110111111010011111011